1764807467088 0.0862402468919754 0
1764807469309 0.0413459874689579 1
1764807471542 0.03516724705696106 2
1764807473636 0.029685325920581818 3
1764807475905 0.027217010036110878 4
1764807478233 0.025898583233356476 5
1764807480520 0.027029911056160927 6
1764807482515 0.025832699611783028 7
1764807484404 0.02400842122733593 8
1764807486227 0.024334972724318504 9
1764807488306 0.02367420494556427 10
1764807490429 0.022201385349035263 11
1764807492672 0.02205209992825985 12
1764807494681 0.020669296383857727 13
1764807496866 0.021722476929426193 14
1764807498982 0.02208845503628254 15
1764807501177 0.02055387943983078 16
1764807503053 0.020615780726075172 17
1764807505266 0.021357646211981773 18
1764807507744 0.02090143784880638 19
1764807509769 0.019507838413119316 20
1764807511949 0.018705103546380997 21
1764807514062 0.019065598025918007 22
1764807516165 0.019421594217419624 23
1764807518262 0.018177205696702003 24
1764807520283 0.01919395476579666 25
1764807522387 0.019148601219058037 26
1764807524325 0.019939573481678963 27
1764807526435 0.018179817125201225 28
1764807528519 0.018281804397702217 29
1764807530551 0.01857338659465313 30
1764807532611 0.017567502334713936 31
1764807534476 0.019384337589144707 32
1764807536386 0.01941581629216671 33
1764807538354 0.017745235934853554 34
1764807540340 0.018622344359755516 35
1764807542721 0.018041428178548813 36
1764807544665 0.01637907139956951 37
1764807546729 0.017197996377944946 38
1764807548513 0.01739298552274704 39
1764807550362 0.017553262412548065 40
1764807552518 0.018376989290118217 41
1764807554331 0.01635933667421341 42
1764807556021 0.016151446849107742 43
1764807558005 0.016962386667728424 44
1764807559839 0.018614664673805237 45
1764807561823 0.016715949401259422 46
1764807563813 0.015897078439593315 47
1764807565920 0.01570599339902401 48
1764807567956 0.015685101971030235 49
1764807570117 0.016681989654898643 50
1764807571936 0.016655223444104195 51
1764807573926 0.015749527141451836 52
1764807575812 0.017556235194206238 53
1764807577923 0.016484668478369713 54
1764807579807 0.016987500712275505 55
1764807581701 0.016213156282901764 56
1764807583867 0.016406435519456863 57
1764807585865 0.016119016334414482 58
1764807587696 0.016407465562224388 59
1764807589606 0.01539644505828619 60
1764807591424 0.015402046963572502 61
1764807593449 0.015644581988453865 62
1764807595437 0.015508382581174374 63
1764807597437 0.015313616022467613 64
1764807599222 0.015293161384761333 65
1764807601038 0.015115407295525074 66
1764807603070 0.015856388956308365 67
1764807605040 0.015633126720786095 68
1764807606908 0.015180489048361778 69
1764807608906 0.016416536644101143 70
1764807610999 0.015357745811343193 71
1764807612971 0.015372898429632187 72
1764807614890 0.014810740016400814 73
1764807616627 0.015748238191008568 74
1764807618537 0.014642076566815376 75
1764807620575 0.015249848365783691 76
1764807622402 0.015009880997240543 77
1764807624569 0.015170414932072163 78
1764807626978 0.01569693721830845 79
1764807629153 0.015417867340147495 80
1764807631219 0.015376883558928967 81
1764807633372 0.015463542193174362 82
1764807635506 0.015951136127114296 83
1764807637693 0.01581575721502304 84
1764807640962 0.015419368632137775 85
1764807643835 0.01492100115865469 86
1764807646952 0.015091586858034134 87
1764807649886 0.015559099614620209 88
1764807652549 0.015312126837670803 89
1764807655321 0.014934632927179337 90
1764807658123 0.01566600799560547 91
1764807661328 0.01468349527567625 92
1764807664178 0.014942550100386143 93
1764807666985 0.01519122626632452 94
1764807669519 0.015464085154235363 95
1764807671966 0.015249880030751228 96
1764807674223 0.015586401335895061 97
1764807676139 0.01501432154327631 98
1764807678465 0.015139766968786716 99
