1765666237303 0.06050122156739235 0
1765666241931 0.030982129275798798 1
1765666246321 0.02403116226196289 2
1765666250697 0.022838499397039413 3
1765666258338 0.022074300795793533 4
1765666262888 0.02106349729001522 5
1765666267331 0.01822635345160961 6
1765666271501 0.02138415537774563 7
1765666275498 0.01945657655596733 8
1765666279516 0.015818489715456963 9
1765666283655 0.016799556091427803 10
1765666291304 0.017834754660725594 11
1765666295589 0.01679162122309208 12
1765666299897 0.017227832227945328 13
1765666304038 0.016379162669181824 14
1765666307971 0.016893116757273674 15
1765666312389 0.01592956855893135 16
1765666316824 0.014503023587167263 17
1765666324307 0.01554028782993555 18
1765666328682 0.014539035968482494 19
1765666332964 0.014897027052938938 20
1765666337107 0.014722872525453568 21
1765666341448 0.017517300322651863 22
1765666345402 0.014708391390740871 23
1765666349688 0.014444297179579735 24
1765666354598 0.014546884223818779 25
1765666361310 0.014206998981535435 26
1765666365504 0.014386704191565514 27
1765666369709 0.013947597704827785 28
1765666373922 0.014024198986589909 29
1765666378230 0.014334522187709808 30
1765666382659 0.013839718885719776 31
1765666390981 0.01373791042715311 32
1765666395316 0.012949293479323387 33
1765666399551 0.015057481825351715 34
1765666403742 0.014033911749720573 35
1765666408021 0.013736500404775143 36
1765666412355 0.013753345236182213 37
1765666416564 0.013131481595337391 38
1765666424124 0.012635457329452038 39
1765666428410 0.013542157597839832 40
1765666432687 0.01248052716255188 41
1765666436827 0.013019835576415062 42
1765666441078 0.013753712177276611 43
1765666445206 0.014090455137193203 44
1765666449628 0.012731852009892464 45
1765666457335 0.012266676872968674 46
1765666461185 0.012362413108348846 47
1765666465301 0.012237299233675003 48
1765666469447 0.012965349480509758 49
1765666473632 0.012063076719641685 50
1765666477482 0.012815826572477818 51
1765666481440 0.012350543402135372 52
1765666485514 0.012881873175501823 53
1765666492877 0.011783543042838573 54
1765666496922 0.012459874153137207 55
1765666500708 0.013495303690433502 56
1765666504900 0.013487079180777073 57
1765666508939 0.013134799897670746 58
1765666512985 0.011811576783657074 59
1765666517111 0.013106145896017551 60
1765666524875 0.01219305768609047 61
1765666528967 0.011906711384654045 62
1765666533554 0.013224807567894459 63
1765666538420 0.01274666003882885 64
1765666542841 0.013759303838014603 65
1765666548993 0.0120504479855299 66
1765666560281 0.012439612299203873 67
1765666565311 0.01288552675396204 68
1765666569758 0.01226977352052927 69
1765666574509 0.012221884913742542 70
1765666580733 0.012705579400062561 71
1765666585311 0.012523268349468708 72
1765666593818 0.01171798910945654 73
1765666598131 0.012164347805082798 74
1765666602201 0.011554405093193054 75
1765666606453 0.01250580046325922 76
1765666610548 0.012209134176373482 77
1765666614625 0.011666818521916866 78
1765666618767 0.011999266222119331 79
1765666626093 0.012175018899142742 80
1765666630342 0.011249066330492496 81
1765666634429 0.010998754762113094 82
1765666638597 0.011532223783433437 83
1765666642898 0.011513122357428074 84
1765666646791 0.011641084216535091 85
1765666650719 0.011412368156015873 86
1765666658623 0.013022192753851414 87
1765666663206 0.012705966830253601 88
1765666667502 0.011732404120266438 89
1765666671417 0.011187069118022919 90
1765666675358 0.012223634868860245 91
1765666679245 0.01169376727193594 92
1765666683202 0.01114314142614603 93
1765666687097 0.01186424307525158 94
1765666694356 0.012020065449178219 95
1765666698573 0.010682660154998302 96
1765666702416 0.011157505214214325 97
1765666706019 0.011839085258543491 98
1765666709948 0.011807478033006191 99
